50   600   undirected
0   1   55.535
0   2   79.8046
0   3   51.1789
0   4   68.2089
0   5   81.101
0   8   71.2597
0   12   57.6361
0   13   54.654
0   15   17.3341
0   16   61.2602
0   20   62.8781
0   21   23.9964
0   23   27.477
0   24   53.4845
0   25   2.3915
0   28   43.631
0   29   80.5706
0   30   72.3598
0   31   65.8624
0   33   66.081
0   34   98.2767
0   35   53.3899
0   41   37.4892
0   42   12.3593
0   44   44.7372
0   46   42.7009
0   47   87.1728
0   48   87.2684
1   2   95.149
1   3   98.7557
1   4   92.9309
1   6   60.7486
1   10   82.1016
1   18   80.8421
1   19   46.2786
1   20   91.5737
1   21   18.3476
1   24   63.5152
1   28   18.2148
1   31   78.2032
1   34   74.821
1   35   98.1939
1   36   70.1576
1   39   23.8427
1   42   79.5118
1   45   95.5963
1   48   79.8263
2   3   54.9091
2   7   89.7789
2   8   1.571
2   9   88.2611
2   10   15.869
2   13   88.2946
2   15   37.9817
2   16   52.2671
2   20   93.0046
2   23   71.0368
2   25   35.8164
2   26   10.5355
2   27   78.6778
2   28   20.7916
2   29   75.8694
2   30   37.8518
2   31   49.2747
2   32   79.133
2   34   80.0282
2   37   37.1889
2   38   85.6836
2   39   43.9225
2   40   55.4413
2   41   80.5202
2   42   30.2759
2   44   7.3458
2   45   14.8662
2   46   45.3273
2   47   50.512
2   48   65.2922
3   5   76.1062
3   8   41.9414
3   12   74.1905
3   14   19.8511
3   15   97.0228
3   17   46.1383
3   18   89.3783
3   25   77.6439
3   27   52.9849
3   29   32.22
3   33   10.5797
3   35   11.1183
3   37   20.9816
3   39   20.17
3   40   12.0019
3   43   76.7672
3   46   22.6313
3   47   28.6446
3   48   59.718
4   6   91.3079
4   8   63.0907
4   9   55.8519
4   10   7.0107
4   12   18.5647
4   14   82.4056
4   16   45.4186
4   17   1.0932
4   18   40.577
4   20   63.0192
4   21   79.8169
4   24   39.3278
4   27   85.13
4   28   39.0668
4   31   61.6142
4   34   20.1481
4   35   55.8172
4   36   72.5971
4   37   24.3402
4   41   44.8315
4   43   68.8316
4   47   82.3541
4   48   89.3313
5   6   27.3019
5   7   22.8113
5   11   46.0518
5   12   69.855
5   15   64.7275
5   20   71.1435
5   28   32.6502
5   29   45.0578
5   31   51.8294
5   33   20.3062
5   35   79.6604
5   38   13.8286
5   40   94.8457
5   42   5.3204
6   7   50.5324
6   10   78.5928
6   12   86.654
6   13   41.1045
6   14   48.5532
6   16   93.6272
6   18   85.8223
6   19   70.9931
6   21   61.3019
6   22   45.3976
6   23   29.2376
6   24   3.5703
6   25   39.4649
6   35   22.6458
6   37   9.1209
6   38   75.5283
6   41   55.9038
6   45   45.2674
6   48   1.4664
6   49   13.1079
7   10   70.7559
7   11   51.8116
7   12   5.6792
7   13   23.6767
7   18   37.5869
7   19   74.5646
7   21   32.0453
7   22   21.2456
7   23   49.8093
7   25   96.9785
7   27   90.1246
7   28   65.9282
7   29   96.5699
7   30   82.5275
7   31   92.0864
7   38   4.6365
7   40   37.9152
7   41   92.0516
7   42   1.2695
7   45   20.5424
7   46   1.9111
7   47   43.5857
7   48   89.3275
8   9   3.1808
8   10   20.1939
8   11   81.1605
8   14   70.8736
8   15   37.1496
8   17   26.1799
8   18   68.9237
8   19   9.3087
8   21   18.997
8   23   6.2507
8   25   9.8182
8   30   65.7635
8   31   13.5854
8   32   90.5178
8   35   57.324
8   36   15.124
8   37   20.3566
8   38   60.9377
8   42   79.533
8   44   89.2852
8   46   28.7297
8   47   97.3286
8   49   44.7453
9   11   6.8322
9   15   10.5693
9   20   46.9559
9   21   85.4749
9   22   70.34
9   24   7.8384
9   25   61.9024
9   26   92.1686
9   31   88.2266
9   37   9.0401
9   38   84.5039
9   39   76.4166
9   40   13.4785
9   41   76.7699
9   43   61.2553
9   44   91.433
9   45   12.9345
10   11   11.4124
10   13   77.0647
10   14   33.9197
10   16   17.4686
10   17   44.8133
10   18   37.0466
10   19   96.4904
10   21   40.7448
10   22   70.2306
10   24   33.206
10   28   67.1038
10   33   95.3471
10   39   27.6367
10   40   72.807
10   41   76.5725
10   48   11.8706
10   49   89.8008
11   20   24.2885
11   22   35.0851
11   24   21.8319
11   27   22.3308
11   28   38.6103
11   29   90.7881
11   34   11.0573
11   36   7.8718
11   41   26.3902
11   42   15.2797
11   43   39.9842
11   44   63.3616
11   45   25.2041
11   48   48.3189
11   49   20.1701
12   13   73.6108
12   17   7.8795
12   20   62.3693
12   25   27.4414
12   26   23.3089
12   27   99.0656
12   32   17.5458
12   33   86.8774
12   34   99.6795
12   38   40.4064
12   40   40.3653
12   42   35.6683
12   46   53.1415
12   48   20.7842
12   49   30.6405
13   14   97.8162
13   15   99.0158
13   17   97.9039
13   20   75.8727
13   21   28.8137
13   22   87.6267
13   23   65.2109
13   24   58.9948
13   33   91.7058
13   35   6.1425
13   39   85.3757
13   40   65.5531
13   42   47.6904
13   44   29.6685
13   46   87.5073
13   47   86.5088
13   48   26.0881
14   16   5.5901
14   17   38.5743
14   18   66.4439
14   21   25.4973
14   22   86.4134
14   25   2.2615
14   28   53.0245
14   32   79.5496
14   33   94.6676
14   35   56.9289
14   36   62.3046
14   38   57.9294
14   39   14.7763
14   40   3.3677
14   44   54.5176
14   45   20.2319
14   46   49.735
14   47   13.4022
14   48   99.5045
14   49   90.7713
15   17   83.6956
15   20   51.632
15   21   22.6143
15   22   91.8997
15   25   61.9472
15   26   86.1179
15   28   34.294
15   33   50.0509
15   35   52.9897
15   36   35.1535
15   38   5.0715
15   39   43.5701
15   40   84.8295
15   42   20.9649
15   43   73.5358
15   44   12.7642
15   45   6.8443
15   46   40.6211
15   48   95.3114
15   49   43.97
16   20   2.0785
16   21   38.6705
16   22   39.8459
16   24   59.0713
16   29   68.5285
16   30   64.929
16   31   96.3292
16   33   49.5854
16   38   41.6734
16   39   80.046
16   42   53.4146
16   43   9.007
16   45   10.3186
16   46   45.8307
16   47   16.7219
16   48   95.0478
16   49   18.1223
17   18   59.6912
17   26   41.5481
17   30   48.3068
17   35   91.7411
17   36   45.6268
17   38   47.6569
17   39   49.9661
17   40   21.1407
17   42   54.8913
17   43   99.3436
17   45   4.6727
17   47   36.9601
17   48   62.2615
18   19   48.3819
18   21   1.8143
18   23   51.2598
18   26   47.1565
18   27   45.937
18   28   70.0569
18   29   64.1618
18   30   5.5684
18   31   47.3219
18   35   9.6062
18   36   9.3908
18   39   29.7133
18   40   68.3072
18   41   93.7239
18   48   18.7091
19   20   73.1119
19   21   79.3479
19   22   56.9169
19   23   1.7895
19   24   45.0227
19   25   61.6654
19   26   40.6702
19   28   14.9542
19   29   45.5541
19   31   37.8541
19   34   64.8404
19   35   26.2115
19   37   7.5119
19   38   93.5414
19   39   72.3215
19   41   68.2481
19   43   36.1618
19   45   82.5716
19   48   69.4397
19   49   56.2297
20   21   74.7434
20   26   60.7523
20   29   52.5244
20   31   63.7392
20   32   88.8131
20   36   67.7092
20   37   21.1273
20   42   61.3912
20   43   31.3187
20   44   48.4812
20   45   17.6131
20   46   88.2692
20   49   17.5354
21   22   69.7002
21   27   46.5117
21   28   81.9551
21   30   88.9139
21   31   14.8982
21   32   40.193
21   34   36.8886
21   36   95.8382
21   39   78.8141
21   40   51.0256
21   42   59.0348
21   45   75.4449
21   47   54.9616
22   25   31.5099
22   30   81.1056
22   31   46.5641
22   33   40.555
22   35   81.4548
22   39   71.0262
22   40   59.2429
22   44   31.8719
22   45   32.465
22   47   19.7433
23   24   15.6872
23   25   29.1379
23   27   83.1538
23   28   19.5684
23   31   69.6826
23   32   83.1636
23   33   70.1257
23   34   56.0845
23   36   3.3068
23   39   74.3552
23   40   16.3762
23   41   57.69
23   42   84.2523
23   43   80.9691
23   45   72.0425
23   46   44.2738
23   47   60.217
23   48   93.5565
23   49   70.6824
24   25   11.8707
24   28   17.2681
24   29   46.8774
24   31   66.0037
24   32   45.5855
24   33   35.6373
24   34   6.7635
24   35   1.3434
24   36   48.7005
24   38   75.6125
24   39   9.1006
24   46   76.5452
24   48   56.6571
25   27   19.1462
25   28   47.7031
25   31   35.5622
25   33   74.317
25   34   81.7764
25   40   57.5052
25   43   2.7477
25   46   91.1157
25   48   95.7178
26   28   21.2816
26   30   32.734
26   38   81.6553
26   39   4.5912
26   43   43.6165
26   44   19.8074
26   45   11.0869
26   46   99.9363
26   47   8.429
26   49   63.1538
27   30   55.6117
27   31   29.5286
27   35   48.1482
27   37   11.5303
27   38   65.5978
27   40   62.4312
27   41   22.6417
27   44   59.8183
27   48   87.8349
27   49   22.3235
28   31   69.1215
28   32   64.8015
28   33   7.0416
28   39   23.0499
28   40   24.7385
28   41   72.0178
28   43   90.06
28   44   11.3655
28   45   59.7472
28   48   56.7087
28   49   30.8004
29   30   74.9679
29   31   77.4602
29   34   88.3337
29   38   77.1496
29   44   97.6418
29   45   31.333
29   46   11.5381
29   47   44.4544
29   48   18.3341
29   49   65.2221
30   31   83.763
30   32   16.0374
30   33   20.5819
30   36   42.4047
30   37   64.4539
30   40   21.7419
30   43   66.4503
30   45   80.2295
30   47   70.5678
31   35   44.8063
31   36   22.3796
31   37   85.7108
31   38   7.2722
31   39   45.764
31   40   49.8715
31   41   46.8349
31   42   12.391
31   43   92.5194
31   44   62.4438
31   49   4.9202
32   35   96.5268
32   36   95.7087
32   37   82.4153
32   40   57.991
32   41   18.4327
32   43   55.7842
32   46   41.2759
32   49   72.2442
33   35   71.5736
33   36   43.4126
33   37   73.1802
33   38   9.4921
33   43   8.971
33   45   50.2684
33   46   9.9854
33   47   80.3255
33   48   38.8699
34   35   23.0777
34   36   36.0707
34   39   10.8457
34   41   87.6419
34   42   65.9999
34   43   68.2031
34   45   21.6207
34   47   11.0884
34   48   77.4123
34   49   19.8043
35   36   46.235
35   38   36.5047
35   39   69.064
35   42   54.954
35   48   26.9633
35   49   49.7129
36   38   36.7727
36   40   21.7431
36   43   71.09
36   44   46.588
36   47   50.8296
36   48   91.3826
37   38   3.7014
37   39   99.3165
37   40   28.8411
37   45   13.9074
37   47   21.8428
37   49   25.4278
38   39   38.3904
38   41   98.4925
38   43   61.3847
38   44   53.947
38   45   1.3087
38   46   15.7101
38   47   30.6392
38   48   55.9086
39   41   20.2329
39   46   21.3307
40   42   70.1188
40   43   98.5057
40   45   19.0183
40   47   91.433
41   46   72.1721
41   47   17.3742
42   43   44.2215
42   45   58.8182
42   46   96.9798
42   47   38.7772
42   48   64.4857
42   49   72.5995
43   45   42.7987
43   46   88.3018
43   47   48.2079
43   48   32.1579
44   49   46.5317
45   46   16.9184
45   49   56.8447
46   47   88.0791
46   49   44.7314
48   49   74.0378
