50   500   undirected
2   14   1.31
26   31   1.34
13   23   1.53
5   38   1.53
15   19   1.63
19   40   1.85
20   23   2.18
0   34   2.46
23   24   2.71
28   49   2.77
11   40   2.81
14   15   2.86
22   27   2.93
17   19   3.09
23   34   3.36
41   44   3.47
8   29   3.58
21   25   3.63
27   31   4.33
3   5   4.41
45   48   5.08
18   21   5.2
31   32   5.68
33   41   5.75
20   46   5.82
32   33   5.99
3   13   6.12
15   17   6.18
8   41   6.85
22   38   7.05
34   38   7.47
6   16   7.66
8   15   7.91
5   25   8.23
33   38   8.45
36   47   8.79
0   32   8.8
3   48   8.82
9   40   8.9
29   45   8.97
1   29   9.11
34   36   9.26
35   41   9.38
32   34   9.49
3   10   9.57
42   47   9.81
38   45   9.88
0   36   10.13
32   45   10.17
12   20   10.25
32   49   10.77
11   14   10.83
33   49   10.88
4   46   11.21
32   42   11.84
18   40   12.11
0   37   12.56
13   19   13.08
36   39   13.13
2   3   13.24
16   45   13.53
14   25   13.58
7   22   13.67
8   23   13.7
5   26   13.83
16   18   14.44
6   19   14.53
2   10   14.77
9   39   14.87
10   38   15.03
21   37   15.55
0   17   15.76
6   32   15.79
1   45   15.86
18   42   15.95
9   48   16.05
5   6   16.47
27   45   16.61
13   18   16.73
26   34   16.86
10   16   17.0
40   42   17.21
13   46   17.32
30   42   17.33
13   43   17.35
18   35   17.59
25   28   17.84
39   45   17.96
37   38   18.13
30   34   18.16
6   49   18.23
6   47   18.61
31   43   18.82
27   39   19.0
6   15   19.06
20   40   19.12
7   36   19.36
1   7   19.85
14   45   19.97
12   16   20.08
14   48   20.11
23   44   20.26
7   9   20.45
12   15   20.75
19   48   20.79
5   28   20.93
1   32   21.18
34   35   21.6
19   31   21.93
6   48   21.96
13   15   22.39
4   44   22.85
3   47   23.22
10   23   23.89
44   48   23.98
19   32   24.43
20   39   24.49
5   18   24.7
0   43   25.24
16   37   25.92
10   34   25.93
41   45   25.99
27   28   26.29
32   43   26.51
12   14   26.85
19   27   27.09
27   46   27.33
8   30   27.51
8   14   27.65
1   31   27.89
22   45   28.08
5   49   28.6
35   49   28.62
36   46   28.75
2   45   28.97
20   26   28.98
22   34   29.25
40   45   29.5
4   48   29.54
0   31   29.57
16   23   29.83
15   47   30.16
24   27   30.21
37   44   30.27
3   30   30.54
43   44   30.56
45   49   31.18
21   45   31.19
7   25   31.25
6   17   31.27
20   44   31.43
11   18   31.59
20   35   31.78
17   46   31.84
39   43   32.18
4   31   32.31
6   28   32.34
18   19   32.36
15   46   32.51
20   29   32.7
8   48   32.81
26   37   32.82
9   26   32.99
12   24   33.05
12   46   33.39
12   35   33.43
21   36   33.57
14   41   33.61
13   29   34.61
15   34   34.98
26   49   36.09
0   4   36.1
5   21   36.42
39   47   36.47
40   43   36.55
23   45   36.56
17   37   36.57
13   20   36.57
25   43   36.59
1   44   36.64
23   39   36.67
4   10   36.79
27   30   36.84
19   45   36.93
15   16   37.11
24   35   37.34
26   48   37.52
3   40   37.53
42   45   37.77
40   41   37.79
3   18   37.82
1   48   39.25
20   36   39.41
7   34   39.49
45   46   39.73
23   49   40.57
22   36   41.04
2   13   41.08
18   24   41.24
37   49   41.31
24   26   41.46
13   28   41.62
28   41   41.76
2   49   42.2
2   34   42.62
9   12   42.81
39   49   43.08
2   5   43.09
6   22   43.17
15   39   43.21
1   5   43.25
31   38   43.45
5   7   43.65
26   30   43.76
16   20   43.82
8   31   43.92
1   16   43.96
11   34   44.02
8   19   44.07
39   40   44.17
16   43   44.29
32   39   44.38
20   37   44.49
24   25   44.56
15   38   44.62
14   23   44.76
24   28   44.8
7   10   44.83
25   36   44.95
0   23   44.98
40   47   45.28
4   30   45.6
0   1   45.75
14   35   45.78
15   23   45.83
19   39   45.89
17   44   45.91
11   33   46.33
3   46   46.6
25   35   47.17
31   47   47.42
4   40   47.85
1   24   47.9
4   32   48.21
2   8   48.85
10   21   48.88
18   38   48.96
22   32   48.97
12   29   49.21
24   29   49.29
2   47   49.56
4   13   49.56
5   24   49.59
20   28   49.62
7   11   49.75
11   31   49.95
14   46   50.27
10   18   50.27
3   39   50.34
3   33   50.93
1   23   51.19
21   43   51.23
30   40   51.24
7   37   52.03
13   37   52.1
42   43   52.11
3   45   52.2
22   40   52.23
7   23   52.32
3   9   52.48
25   47   53.1
24   30   53.42
4   12   53.52
20   41   53.57
26   40   53.63
11   45   53.67
3   25   53.9
14   28   54.07
5   45   54.19
7   41   54.22
31   45   54.4
25   27   54.42
10   47   54.57
5   36   54.62
1   11   54.75
14   24   54.89
0   8   55.61
14   40   55.67
33   46   56.34
3   27   56.38
30   32   56.48
16   17   56.52
37   39   56.6
35   43   56.78
4   34   57.17
17   21   57.43
11   21   57.46
36   37   57.57
10   33   57.68
25   33   57.92
1   41   57.94
33   42   58.01
0   3   58.3
14   42   58.74
29   44   58.86
16   29   58.87
24   43   59.13
2   27   59.53
9   37   59.53
2   11   59.57
0   39   59.95
4   9   59.98
11   26   60.44
4   24   60.76
19   23   60.77
0   40   60.79
22   44   60.85
9   25   60.85
33   47   61.17
15   27   61.18
13   38   61.42
25   40   61.68
22   24   62.08
2   40   62.2
20   45   62.36
2   30   62.67
3   49   63.12
36   44   63.47
18   44   63.47
3   35   63.87
22   42   64.35
16   41   64.45
5   19   64.64
34   45   65.2
14   31   65.65
19   47   65.86
7   16   66.0
16   33   66.14
2   44   66.2
13   45   66.21
36   42   66.8
28   48   66.88
25   31   66.99
30   47   67.2
35   36   67.25
6   30   67.27
4   25   67.33
20   24   67.73
0   2   67.82
7   28   67.94
3   11   68.08
7   14   68.85
14   18   69.03
44   46   69.11
34   37   69.16
38   40   69.35
16   40   69.6
6   38   69.82
25   29   69.92
11   16   70.4
3   8   71.03
12   34   71.18
30   41   71.19
32   38   71.19
42   44   71.21
5   14   71.63
22   41   71.73
17   31   71.85
20   43   71.97
16   21   72.05
21   49   72.1
14   47   72.44
23   30   72.65
4   7   72.72
0   30   72.77
2   9   73.0
35   44   73.4
25   32   73.6
3   42   74.1
3   22   74.33
7   43   74.66
17   29   74.72
9   22   75.31
17   26   75.63
9   19   75.85
6   7   76.09
15   41   76.12
7   35   76.97
6   27   77.19
7   49   77.47
31   34   78.01
5   35   78.42
22   33   78.82
20   32   78.91
6   33   79.19
8   11   79.38
42   48   79.56
5   15   79.81
7   24   80.08
29   48   80.09
8   21   80.25
18   47   80.28
10   46   80.28
27   32   80.99
1   30   81.38
6   11   81.44
30   44   81.52
27   40   81.66
26   42   81.68
12   33   81.84
7   18   81.89
15   32   81.9
2   35   82.06
2   42   82.39
43   47   82.41
26   36   82.72
19   42   82.87
6   21   83.14
40   46   83.26
3   17   83.62
18   27   84.11
0   41   84.33
9   13   84.65
7   17   84.84
4   22   84.86
8   36   85.31
8   28   85.58
32   48   85.92
9   17   86.0
0   20   86.46
17   35   86.76
38   41   87.22
15   49   87.43
8   9   87.54
3   31   87.76
34   48   87.86
17   20   88.03
23   27   88.14
11   15   88.21
20   22   88.3
33   48   88.35
8   12   88.85
26   41   89.37
22   37   89.47
11   19   89.48
20   48   89.68
1   36   89.7
25   45   89.85
0   7   89.86
8   42   90.04
14   30   90.07
12   36   90.17
15   35   90.32
29   36   90.63
31   40   91.04
23   32   91.43
6   35   91.6
24   42   91.62
18   28   91.93
14   20   92.11
21   46   92.38
29   43   92.66
1   17   92.98
35   46   93.0
40   44   93.26
8   34   93.27
6   9   93.32
32   46   93.71
2   6   93.89
40   49   93.96
15   48   94.12
2   7   94.19
24   49   94.3
8   32   94.34
12   48   94.42
4   41   94.56
29   47   94.87
30   33   95.15
32   41   95.36
4   6   95.38
19   20   96.37
6   26   96.5
8   20   96.58
0   47   96.63
3   29   96.71
5   34   96.82
17   48   96.93
11   48   97.26
0   42   97.62
16   25   97.82
29   31   97.94
35   37   98.16
3   23   98.17
38   46   98.32
24   41   98.41
3   32   98.72
1   3   98.96
25   39   98.99
6   37   99.65
6   46   99.66
