20   100   undirected
7   19   1.53
2   11   1.64
1   11   3.3
2   7   4.17
13   18   4.64
3   17   5.1
1   4   5.17
2   19   7.23
17   19   7.38
2   16   10.06
10   12   11.43
4   17   12.98
12   16   13.02
8   16   14.23
13   15   14.47
5   15   14.99
1   12   19.83
9   16   21.8
0   1   22.04
9   13   24.1
12   17   25.33
2   6   25.51
16   19   26.66
3   4   27.11
5   9   28.82
13   17   30.14
10   18   30.9
11   16   32.06
6   15   32.67
1   16   33.83
3   11   35.17
1   14   37.34
2   9   37.45
14   15   39.0
1   9   39.03
0   2   39.23
7   18   42.49
5   12   44.22
10   16   45.04
3   15   45.04
9   14   46.64
0   10   46.68
11   18   47.01
7   15   48.58
1   19   48.76
3   9   49.61
9   11   49.81
2   5   52.44
8   15   53.09
4   6   53.44
6   13   53.98
4   9   55.24
5   18   55.25
3   6   55.45
0   13   55.69
0   9   56.02
8   10   57.58
2   8   57.67
7   11   59.75
0   16   61.25
12   13   61.52
14   17   62.02
4   16   62.12
0   11   65.22
8   18   67.1
4   10   67.57
1   2   68.64
7   12   68.66
5   16   68.87
2   18   70.83
11   13   71.76
8   13   72.85
18   19   72.95
0   4   73.23
6   17   74.19
6   9   75.11
12   18   75.62
16   17   75.95
15   16   76.06
6   7   76.35
1   10   77.57
2   13   79.3
4   5   79.72
6   19   80.18
3   5   80.22
1   3   82.0
7   8   83.39
13   16   84.16
2   10   86.2
2   14   86.31
14   19   87.05
7   16   87.78
5   11   90.17
10   17   90.51
1   7   91.52
1   17   95.06
1   5   95.09
0   19   95.17
4   19   97.91
10   11   99.8
